54067 13875
13124 63044
39441 54545
572 23868
28876 52172
28813 23437
25271 5559
36620 31244
40051 3955
44678 43398
27063 29879
46226 34706
29078 56470
50838 29078
63758 33806
7230 61246
6439 42023
54229 42709
50411 61419
27026 29842
7359 34751
30027 34891
53411 41891
30576 55920
362 44138
24937 29801
28937 56329
40147 38867
53759 42239
23430 9862
43389 38013
2518 15574
61462 56086
27120 13552
51675 64731
45901 65101
47802 17850
61513 15177
28590 8878
35403 46411
64534 1814
10140 8860
37141 42005
6723 36163
52706 20706
41474 32002
26152 28968
39808 3712
20932 13508
56384 20288
48005 20101
27712 40768
23556 52996
1124 59236
42632 29064
11855 6479
32408 45464
2035 29427
59528 11144
65209 29113
13752 14520
60323 11939
6146 54018
4256 48032
60335 22191
44018 16114
22336 2624
41227 5131
36640 39456
46764 2476
64172 60844
9999 2575
33428 5524
48745 41321
24209 55697
46518 34998
52176 28368
10403 7075
22600 25416
48906 10762
3326 12286
6454 42038
13192 36488
48538 14490
24234 55722
31226 62714
29317 23941
51102 37534
52924 20924
24666 13146
44528 47344
27421 19997
42943 31423
49828 40356
60703 20511
13765 35013
32638 23166
54936 10648
46291 4051
45942 44662
41268 17460
19647 63423
44114 16210
30386 41394
1649 49521
59898 42234
12974 11694
56182 13942
10397 56221
29633 50881
45590 36118
29359 60847
56991 6559
54758 57574
63068 18780
64768 63488
7759 35151
45760 1472
33263 11503
44448 34976
40654 61902
29465 46617
25118 11550
55130 55898
55521 5089
21434 34490
7968 43552
12147 43635
25755 59291
477 27869
4007 35495
16507 19323
4695 30136
12890 17754
18913 19681
41119 25503
480 3296
50188 20236
4667 1339
59007 29055
52761 37145
32625 2673
42349 39021
23575 18199
9310 46942
37186 13378
7116 59084
12779 25835
11912 47496
10157 2733
44024 5880
27333 56773
30278 33094
11848 12616
24922 50266
59001 45433
52082 20082
37838 61134
19501 14125
20231 64007
9276 16188
9041 34385
20575 35679
14984 50568
29196 46348
52873 43401
26675 29491
28734 830
20487 23303
61824 44160
34110 28734
30450 37362
37054 41918
2890 44618
18710 21526
5474 30818
52323 55139
4714 54634
17599 36799
55415 47991
45283 48099
53870 56686
47408 19504
22692 39844
29494 46646
24788 9172
5710 4430
15382 18198
52470 24566
49808 46480
5881 8697
36091 4091
43985 24273
19078 58758
44594 41266
42485 24821
29682 59122
9303 8023
56274 5842
51356 29596
48548 164
58041 5561
57079 55799
17982 49470
31185 13521
22868 3156
25162 64842
59806 3230
9594 20602
53140 35476
22066 2354
16169 59945
9012 52788
27996 16476
21775 49167
25741 44941
61585 15249
22696 27560
63827 40019
60235 17995
25838 14318
2696 21896
58452 1876
43417 7321
63789 21549
55905 19809
3325 10237
59839 38079
1501 20701
1687 27031
62794 10314
14199 60023
49600 25792
38387 28915
19240 38440
4995 24195
33785 36601
52980 35316
5096 52968
51813 46437
26690 21314
11986 31186
61398 37590
15482 40826
42658 49570
57410 27458
38781 33405
1357 41037
7349 49077
51450 17402
4942 65102
12004 57828
16266 47754
26958 3150
38594 55746
29656 55000
